39 6
23 0.561412 0.19531 0.906008 0.0854788 1.56088 0.0582567
33 123.171 119.569 22.9445 3.69795 2.72937 0.392346
34 1.24245 0.309819 0.2724 0.074537 1.96332 0.040792
28 287.649 1330.58 4.83619 6.88782 0.443487 0.682957
0 5.28302 1.33635 4.14347 1.19077 4.2052 0.0997619
105 1.73708 1.99105 0.25505 0.107283 1.81763 0.00879955
20 10.7489 444.293 1.13139 7.50242 2.19002 0.421989
2 0.99169 1.35688 2.1367 5.6325 0.496187 0.569053
3 0.170507 0.0854313 0.442837 0.131665 1.46004 0.0624
75 1.49113 0.185512 1.61357 0.705417 1.84694 0.107881
5 13.6924 5335.76 0.178913 7.99972 0.0775645 0.124594
11 1.27718 0.483774 0.0990443 0.0415083 1.65658 0.0425624
4 13.5673 406.686 4.9916 7.97127 1.33984 0.66714
13 0.277207 0.444444 0.110793 0.0617686 1.42147 0.0381032
6 910.24 4664.14 0.186241 7.5613 0.409797 0.254678
17 11.6624 469.19 1.37634 0.296237 2.02392 0.0564133
24 1.30865 1.01035 1.09515 5.89185 1.22366 0.916208
30 11.9189 423.704 3.50751 5.36321 1.76914 0.806713
32 2.3499 0.285114 1.46187 0.281657 1.72777 0.0851184
31 9.1886 1852.1 2.49472 8.58014 0.972915 0.690691
21 77.229 8405.17 2.65591 7.08318 1.31419 0.634211
18 1.18144 0.888862 0.533093 0 1.42525 0.0390544
10 10.7288 666.452 1.70347 7.42319 1.87471 0.596333
14 42.4234 9242.94 0.657394 5.35749 0.0406746 0.576185
12 23.4253 8322.96 0.204778 6.36856 0.133663 0.413805
16 0.693692 0.526778 0.274245 0.0732649 1.56231 0.0571816
7 5.14727 0.31 1.58855 0.401798 1.78519 0.0879441
29 0.730844 232.073 1.79014 7.44887 1.3694 0.491899
19 177.112 3604.55 2.00606 7.51896 0.285477 0.343958
106 2.35473 1.5151 0.0522602 0.0228058 1.32851 0.00636427
25 0.459152 0.214972 0.451635 0.173738 1.60416 0.0649279
26 6.19988 481.457 1.937 7.13386 0.49501 0.325895
22 0.237921 0.414652 0.000108982 0.00723901 1.46846 0.0337798
60 1.41722 1.30489 0.0684465 0.0227603 1.10913 0.00205895
27 0.0211987 0.0281368 0.22048 0.0710162 1.47154 0.0546755
1 2.29596 1701.98 10.0862 1.25586 2.01306 0.155717
8 768.051 322.739 5.50291 0.0748464 1.32879 0.00536051
15 1.36296 540.927 2.15255 7.99486 0.749252 0.505601
9 1.77538 463.381 0.267821 0.0139075 1.31104 0.0498876
